ProductID= 2538143201
OTSProductID= RA302APR2025043166009600059PSANSTUC00GTDF
SatID= IRS-R2A
Sensor= L3
SubScene= -NA-
GenAgency= NRSC
Path= 096
Row= 059
SegmentNumber= -NA-
SessionNumber= 1
StripNumber= -NA-
SceneNumber= -NA-
DateOfPass= 02-APR-2025
NoOfBands= 4
BandNumbers= 2345
PassType= PLD
DateOfDump= 02-APR-2025
DumpingOrbitNo= 043166
ImagingOrbitNo= 043166
BytesPerPixel= 2
BitsPerPixel= 10
GenerationDateTime= 02-APR-2025 13:03:44
ProdCode= STUC00GTD
ProdType= GEOREF
InputResolutionAlong=  23.50
InputResolutionAcross=  23.50
OutputResolutionAlong=  24.00
OutputResolutionAcross=  24.00
Season= APR
ImageFormat= GEOTIFF
ProcessingLevel= STD
ResampCode= CC
NoScans= 7172
NoPixels= 7668
StartPixel= 0
MapProjection= UTM
Ellipsoid= WGS_84
Datum= WGS84
MapOriginLat=   0.000000
MapOriginLon=  75.000000
ProdULLat=  19.862920
ProdULLon=  74.078095
ProdURLat=  19.863345
ProdURLon=  75.835597
ProdLRLat=  18.308103
ProdLRLon=  75.827832
ProdLLLat=  18.307714
ProdLLLon=  74.086662
ImageULLat= 19.864454
ImageULLon= 74.449522
ImageURLat= 19.863278
ImageURLon= 75.835697
ImageLRLat= 18.309345
ImageLRLon= 75.459603
ImageLLLat= 18.307638
ImageLLLon= 74.086595
ProdULMapX= 403477.443084
ProdULMapY= 2196576.000000
ProdURMapX= 587485.443084
ProdURMapY= 2196576.000000
ProdLRMapX= 587485.443084
ProdLRMapY= 2024472.000000
ProdLLMapX= 403477.443084
ProdLLMapY= 2024472.000000
SceneCenterLat=  19.087629
SceneCenterLon=  74.957046
StandardParallel1= -NA-
StandardParallel2= -NA-
FalseEasting= 500000.000000
FalseNorthing=   0.000000
ZoneNo= 43
SceneCenterTime= 02-APR-2025 05:30:16.965269
SceneCenterRoll=   0.038334
SceneCenterPitch=  -0.051090
SceneCenterYaw=   3.659848
SunAzimuthAtCenter= 118.684648
SunElevationAtCenter=  63.232192
ImageHeadingAngle= 193.468293
IncidenceAngle=   0.066625
SatelliteAltitude= 821.434288
Tiltangle=  0.000000
DEMCorrection=YES
SourceOfOrbit= 2
SourceOfAttitude= 1
ImagingDirection= D
B2Temp=  18.0300
B3Temp=  18.5000
B4Temp=  18.1800
B5Temp=  23.6000
B2_Lmin=   0.0000
B3_Lmin=   0.0000
B4_Lmin=   0.0000
B5_Lmin=   0.0000
B2_Lmax=  52.0000
B3_Lmax=  47.0000
B4_Lmax=  31.5000
B5_Lmax=   7.5000
Quality= Q
CloudPercent= -NA-
AcrossTrackAccuracy= 0.0
AlongTrackAccuracy= 0.0
Shift%= 0
SatelliteHeadingAngle= 193.468293
SceneStartTime= 02-APR-2025 05:30:06.303142743
SceneEndTime= 02-APR-2025 05:30:27.627595640
SenAzimuthAtCenter= 184.942612 
SenElevationAtCenter= 89.799377 
IncidenceAngleAlongTrack= 0.181101 
IncidenceAngleAcrossTrack= -0.012608 
ViewAngle = 0.059021 
ViewAngleAlongTrack= -0.058549 
ViewAngleAcrossTrack= -0.007449 
ProductSceneStartTime= 02-APR-2025 05:30:05.061662
ProductSceneEndTime= 02-APR-2025 05:30:28.868876
JpegNoColumns= 512
JpegNoRows= 547
